314159
265358
979323
846264
338327
950288
419716
939937
510582
097494
459230
781640
628620
899862
803482
534211
706798
214808
651328
230664
709384
460955
058223
172535
940812
848111
745028
410270
193852
110555
964462
294895
493038
196442
881097
566593
344612
847564
823378
678316
527120
190914
564856
692346
034861
045432
664821
339360
726024
914127
372458
700660
631558
817488
152092
096282
925409
171536
436789
259036
001133
053054
882046
652138
414695
194151
160943
305727
036575
959195
309218
611738
193261
179310
511854
807446
237996
274956
735188
575272
489122
793818
301194
912983
367336
244065
664308
602139
494639
522473
719070
217986
094370
277053
921717
629317
675238
467481
846766
940513
200056
812714
526356
082778
577134
275778
960917
363717
872146
844090
122495
343014
654958
537105
079227
968925
892354
201995
611212
902196
086403
441815
981362
977477
130996
051870
721134
999999
837297
804995
105973
173281
609631
859502
445945
534690
830264
252230
825334
468503
526193
118817
101000
313783
875288
658753
320838
142061
717766
914730
359825
349042
875546
873115
956286
388235
378759
375195
778185
778053
217122
680661
300192
787661
119590
921642
019893
809525
720106
548586
327886
593615
338182
796823
030195
203530
185296
899577
362259
941389
124972
177528
347913
151557
485724
245415
069595
082953
311686
172785
588907
509838
175463
746493
931925
506040
092770
167113
900984
882401
285836
160356
370766
010471
018194
295559
619894
676783
744944
825537
977472
684710
404753
464620
804668
425906
949129
331367
702898
915210
475216
205696
602405
803815
019351
125338
243003
558764
024749
647326
391419
927260
426992
279678
235478
163600
934172
164121
992458
631503
028618
297455
570674
983850
549458
858692
699569
092721
079750
930295
532116
534498
720275
596023
648066
549911
988183
479775
356636
980742
654252
786255
181841
757467
289097
777279
380008
164706
001614
524919
217321
721477
235014
144197
356854
816136
115735
255213
347574
184946
843852
332390
739414
333454
776241
686251
898356
948556
209921
922218
427255
025425
688767
179049
460165
346680
498862
723279
178608
578438
382796
797668
145410
095388
378636
095068
006422
512520
511739
298489
608412
848862
694560
424196
528502
221066
118630
674427
862203
919494
504712
371378
696095
636437
191728
746776
465757
396241
389086
583264
599581
339047
802759
009946
576407
895126
946839
835259
570982
582262
052248
940772
671947
826848
260147
699090
264013
639443
745530
506820
349625
245174
939965
143142
980919
065925
093722
169646
151570
985838
741059
788595
977297
549893
016175
392846
813826
868386
894277
415599
185592
524595
395943
104997
252468
084598
727364
469584
865383
673622
262609
912460
805124
388439
045124
413654
976278
079771
569143
599770
012961
608944
169486
855584
840635
342207
222582
848864
815845
602850
601684
273945
226746
767889
525213
852254
995466
672782
398645
659611
635488
623057
745649
803559
363456
817432
411251
507606
947945
109659
609402
522887
971089
314566
913686
722874
894056
010150
330861
792868
092087
476091
782493
858900
971490
967598
526136
554978
189312
978482
168299
894872
265880
485756
401427
047755
513237
964145
152374
623436
454285
844479
526586
782105
114135
473573
952311
342716
610213
596953
623144
295248
493718
711014
576540
359027
993440
374200
731057
853906
219838
744780
847848
968332
144571
386875
194350
643021
845319
104848
100537
061468
067491
927819
119793
995206
141966
342875
444064
374512
371819
217999
839101
591956
181467
514269
123974
894090
718649
423196
156794
520809
514655
022523
160388
193014
209376
213785
595663
893778
708303
906979
207734
672218
256259
966150
142150
306803
844773
454920
260541
466592
520149
744285
073251
866600
213243
408819
071048
633173
464965
145390
579626
856100
550810
665879
699816
357473
638405
257145
910289
706414
011097
120628
043903
975951
567715
770042
033786
993600
723055
876317
635942
187312
514712
053292
819182
618612
586732
157919
841484
882916
447060
957527
069572
209175
671167
229109
816909
152801
735067
127485
832228
718352
093539
657251
210835
791513
698820
914442
100675
103346
711031
412671
113699
086585
163983
150197
016515
116851
714376
576183
515565
088490
998985
998238
734552
833163
550764
791853
589322
618548
963213
293308
985706
420467
525907
091548
141654
985946
163718
027098
199430
992448
895757
128289
059232
332609
729971
208443
357326
548938
239119
325974
636673
058360
414281
388303
203824
903758
985243
744170
291327
656180
937734
440307
074692
112019
130203
303801
976211
011004
492932
151608
424448
596376
698389
522868
478312
355265
821314
495768
572624
334418
930396
864262
434107
732269
780280
731891
544110
104468
232527
162010
526522
721116
603966
655730
925471
105578
537634
668206
531098
965269
186205
647693
125705
863566
201855
810072
936065
987648
611791
045334
885034
611365
768675
324944
166803
962657
978771
855608
455296
541266
540853
061434
443185
867697
514566
140680
070023
787765
913440
171274
947042
056223
053899
456131
407112
700040
785473
326993
908145
466464
588079
727082
668306
343285
878569
830523
580893
306575
740679
545716
377525
420211
495576
158140
025012
622859
413021
647155
097925
923099
079654
737612
551765
675135
751782
966645
477917
450112
996148
903046
399471
329621
073404
375189
573596
145890
193897
131117
904297
828564
750320
319869
151402
870808
599048
010941
214722
131794
764777
262241
425485
454033
215718
530614
228813
758504
306332
175182
979866
223717
215916
077166
925474
873898
665494
945011
465406
284336
639379
003976
926567
214638
530673
609657
120918
076383
271664
162748
888007
869256
029022
847210
403172
118608
204190
004229
661711
963779
213375
751149
595015
660496
318629
472654
736425
230817
703675
159067
350235
072835
405670
403867
435136
222247
715891
504953
098444
893330
963408
780769
325993
978054
193414
473774
418426
312986
080998
886874
132604
721569
516239
658645
730216
315981
931951
673538
129741
677294
786724
229246
543668
009806
769282
382806
899640
048243
540370
141631
496589
794092
432378
969070
697794
223625
082216
889573
837986
230015
937764
716512
289357
860158
816175
578297
352334
460428
151262
720373
431465
319777
741603
199066
554187
639792
933441
952154
134189
948544
473456
738316
249934
191318
148092
777710
386387
734317
720754
565453
220777
092120
190516
609628
049092
636019
759882
816133
231666
365286
193266
863360
627356
763035
447762
803504
507772
355471
058595
487027
908143
562401
451718
062464
362679
456127
531813
407833
033625
423278
394497
538243
720583
531147
711992
606381
334677
687969
597030
983391
307710
987040
859133
746414
428227
726346
594704
745878
477872
019277
152807
317679
077071
572134
447306
057007
334924
369311
383504
931631
284042
512192
565179
806941
135280
131470
130478
164378
851852
909285
452011
658393
419656
213491
434159
562586
586557
055269
049652
098580
338507
224264
829397
285847
831630
577775
606888
764462
482468
579260
395352
773480
304802
900587
607582
510474
709164
396136
267604
492562
742042
083208
566119
062545
433721
315359
584506
877246
029016
187667
952406
163425
225771
954291
629919
306455
377991
403734
043287
526288
896399
587947
572917
464263
574552
540790
914513
571113
694109
119393
251910
760208
252026
187985
318877
058429
725916
778131
496990
090192
116971
737278
476847
268608
490033
770242
429165
130050
051683
233643
503895
170298
939223
345172
201381
280696
501178
440874
519601
212285
993716
231301
711444
846409
038906
449544
400619
869075
485160
263275
052983
491874
078668
088183
385102
283345
085048
608250
393021
332197
155184
306354
550076
682829
493041
377655
279397
517546
139539
846833
936383
047461
199665
385815
384205
685338
621867
252334
028308
711232
827892
125077
126294
632295
639898
989358
211674
562701
021835
646220
134967
151881
909730
381198
004973
407239
610368
540664
319395
097901
906996
395524
530054
505806
855019
567302
292191
393391
856803
449039
820595
510022
635353
619204
199474
553859
381023
439554
495977
837790
237421
617271
117236
434354
394782
218185
286240
851400
666044
332588
856986
705431
547069
657474
585503
323233
421073
015459
405165
537906
866273
337995
851156
257843
229882
737231
989875
714159
578111
963583
300594
087306
812160
287649
628674
460477
464915
995054
973742
562690
104903
778198
683593
814657
412680
492564
879855
614537
234786
733039
046883
834363
465537
949864
192705
638729
317487
233208
376011
230299
113679
386270
894387
993620
162951
541337
142489
283072
201269
014754
668476
535761
647737
946752
004907
571555
278196
536213
239264
061601
363581
559074
220202
031872
776052
772190
055614
842555
187925
303435
139844
253223
415762
336106
425063
904975
008656
271095
359194
658975
141310
348227
693062
474353
632569
160781
547818
115284
366795
706110
861533
150445
212747
392454
494542
368288
606134
084148
637767
009612
071512
491404
302725
386076
482363
414334
623518
975766
452164
137679
690314
950191
085759
844239
198629
164219
399490
723623
464684
411739
403265
918404
437805
133389
452574
239950
829659
122850
855582
157250
310712
570126
683024
029295
252201
187267
675622
041542
051618
416348
475651
699981
161410
100299
607838
690929
160302
884002
691041
407928
862150
784245
167090
870006
992821
206604
183718
065355
672525
325675
328612
910424
877618
258297
651579
598470
356222
629348
600341
587229
805349
896502
262917
487882
027342
092222
453398
562647
669149
055628
425039
127577
102840
279980
663658
254889
264880
254566
101729
670266
407655
904290
994568
150652
653053
718294
127033
693137
851786
090407
086671
149655
834343
476933
857817
113864
558736
781230
145876
871266
034891
390956
200993
936103
102916
161528
813843
790990
423174
733639
480457
593149
314052
976347
574811
935670
911013
775172
100803
155902
485309
066920
376719
220332
290943
346768
514221
447737
939375
170344
366199
104033
751117
354719
185504
644902
636551
281622
882446
257591
633303
910722
538374
218214
088350
865739
177150
968288
747826
569959
957449
066175
834413
752239
709683
408005
355984
917541
738188
399944
697486
762655
165827
658483
588453
142775
687900
290951
702835
297163
445621
296404
352311
760066
510124
120065
975585
127617
858382
920419
748442
360800
719304
576189
323492
292796
501987
518721
272675
079812
554709
589045
563579
212210
333466
974992
356302
549478
024901
141952
123828
153091
140790
738602
515227
429958
180724
716259
166854
513331
239480
494707
911915
326734
302824
418604
142636
395480
004480
026704
962482
017928
964766
975831
832713
142517
029692
348896
276684
403232
609275
249603
579964
692565
049368
183609
003238
092934
595889
706953
653494
060340
216654
437558
900456
328822
505452
556405
644824
651518
754711
962184
439658
253375
438856
909411
303150
952617
937800
297412
076651
479394
259029
896959
469955
657612
186561
967337
862362
561252
163208
628692
221032
748892
186543
648022
967807
057656
151446
320469
279068
212073
883778
142335
628236
089632
080682
224680
122482
611771
858963
814091
839036
736722
208883
215137
556003
727983
940041
529700
287830
766709
444745
601345
564172
543709
069793
961225
714298
946715
435784
687886
144458
123145
935719
849225
284716
050492
212424
701412
147805
734551
050080
190869
960330
276347
870810
817545
011930
714122
339086
639383
395294
257869
050764
310063
835198
343893
415961
318543
475464
955697
810382
930971
646514
384070
070736
041123
735998
434522
516105
070270
562352
660127
648483
084076
118301
305279
320542
746286
540360
367453
286510
570658
748822
569815
793678
976697
422057
505968
344086
973502
014102
067235
850200
724522
563265
134105
592401
902742
162484
391403
599895
353945
909440
704691
209140
938700
126456
001623
742880
210927
645793
106579
229552
498872
758461
012648
369998
922569
596881
592056
001016
552563
756785
667227
966198
857827
948488
558343
975187
445455
129656
344348
039664
205579
829368
043522
027709
842942
325330
225763
418070
394769
941597
915945
300697
521482
933665
556615
678736
400536
665641
654732
170439
035213
295435
291694
145990
416087
532018
683793
702348
886894
791510
716378
529023
452924
407736
594956
305100
742108
714261
349745
956151
384987
137570
471017
879573
104229
690666
702144
986374
645952
808243
694457
897723
300487
647652
413390
759204
340196
340391
147320
233807
150952
220106
825634
274716
460243
354400
515212
669324
934196
739770
415956
837535
551667
302739
007497
297363
549645
332888
698440
611964
961627
734495
182736
955882
207573
551766
515898
551909
866653
935494
810688
732068
599075
407923
424023
009259
007017
319603
622547
564789
406475
483466
477604
114632
339056
513433
068449
539790
709030
234604
614709
616968
868850
140834
704054
607429
586991
382966
824681
857103
188790
652870
366508
324319
744047
718556
789348
230894
310682
870272
280973
624809
399627
060747
264553
992539
944280
811373
694338
872940
630792
615959
954626
246297
070625
948455
690347
119729
964090
894180
595343
932512
362355
081349
490043
642785
271383
159125
689892
951964
272875
739469
142725
343669
415323
610045
373048
819855
170659
412173
524625
895487
301676
002988
659257
866285
612496
655235
338294
287854
253404
830833
070165
372285
635591
525347
844598
183134
112900
199920
598135
220511
733658
564078
264849
427644
113763
938669
248031
183644
536985
891754
426473
998822
846218
449008
777697
763127
957226
726555
625962
825427
653183
001340
709223
343657
791601
280931
794017
185985
999338
492354
956400
570995
585611
349802
524990
669842
330173
503580
440811
685526
531170
995708
994273
287092
584878
944364
600504
108922
669178
352587
078595
129834
417295
351953
788553
457374
260859
029081
765155
780390
594640
873506
123226
112009
373108
048548
526357
228257
682034
160504
846627
750450
031262
008007
998049
254853
469414
697751
649327
095049
346393
824322
271885
159740
547021
482897
111777
923761
225788
734771
881968
254629
812686
858170
507402
725502
633290
449762
778944
236216
741191
862694
396506
715157
795867
564823
993917
604260
176338
704549
901761
436412
046921
823707
648878
341968
968611
815581
587360
629386
038101
712158
552726
683008
238340
465647
588040
513808
016336
388742
163714
064354
955618
689641
122821
407533
026551
004241
048967
835285
882902
436709
048871
181909
094945
331442
182876
618103
100735
477054
981596
807720
094746
961343
609286
148494
178501
718077
930681
085469
000944
589952
794243
981392
135055
864221
964834
915126
390128
038320
010977
386806
628779
239718
014613
432445
726400
973742
570073
592100
315415
089367
930081
699805
365202
760072
774967
458400
283624
053460
372634
165542
590276
018348
403068
113818
551059
797056
640075
094260
878857
357960
373245
141467
867036
880988
060971
642584
975951
380693
094494
015154
222219
432913
021739
125383
559150
310033
303251
117491
569691
745027
149433
151558
854039
221640
972291
011290
355218
157628
232831
823425
483261
119128
009282
525619
020526
301639
114772
473314
857391
077758
744253
876117
465786
711694
147764
214411
112635
835538
713610
110232
679877
564102
468240
322648
346417
663698
066378
576813
492045
302240
819727
856471
983963
087815
432211
669122
464159
117767
322532
643356
861461
865452
226812
688726
844596
844241
610785
401676
814208
088502
800541
436131
462308
210259
417375
623899
420757
136275
167457
318918
945628
352570
441335
437585
753426
986994
725470
316566
139919
996826
282472
706413
362221
789239
031760
854289
437339
356188
916512
504244
040089
527198
378738
648058
472689
546243
882343
751788
520143
956005
710481
194988
423906
061369
573423
155907
967034
614914
344788
636041
031823
507365
027785
908975
782727
313050
488939
890099
239135
033732
508559
826558
670892
426124
294736
701939
077271
307068
691709
264625
484232
407485
503660
801360
466895
118400
936686
095463
250021
458529
309500
009071
510582
362672
932645
373821
049387
249966
993394
246855
164832
611341
461106
802674
466373
343753
407642
940266
829738
652209
357016
263846
485285
149036
293201
991996
882851
718395
366913
452224
447080
459239
660281
715655
156566
611135
982311
225062
890585
491450
971575
539002
439315
351909
021071
194573
002438
801766
150352
708626
025378
817975
194780
610137
150044
899172
100222
013350
131060
163915
415895
780371
177927
752259
787428
919179
155224
171895
853616
805947
412341
933984
202187
456492
564434
623925
319531
351033
114763
949119
950728
584306
583619
353693
296992
898379
149419
394060
857248
639688
369032
655643
642166
442576
079147
108699
843157
337496
488352
927693
282207
629472
823815
374099
615455
987982
598910
937171
262182
830258
481123
890119
682214
294576
675807
186538
065064
870261
338928
229949
725745
303328
389638
184394
477077
940228
435988
341003
583854
238973
542439
564755
568409
522484
455413
923941
000162
076936
368467
764130
178196
593799
715574
685419
463348
937484
391297
423914
336593
604100
352343
777065
888677
811394
986164
787471
407932
638587
386247
328896
456435
987746
676384
794665
040741
118256
583788
784548
581489
629612
739984
134427
260860
618724
554523
606431
537101
127468
097787
044640
947582
803487
697589
483282
412392
929605
829486
191966
709189
580898
332012
103184
303401
284951
162035
342801
441276
172858
302435
598300
320420
245120
728725
355811
958401
491809
692533
950757
784000
674655
260314
461670
508276
827722
235341
911026
341631
571474
061238
504258
459884
199076
112872
580591
139356
896014
316682
831763
235673
254170
734208
173322
304629
879928
049085
140947
903688
786878
949305
469557
030726
190095
020764
334933
591060
245450
864536
289354
568629
585313
153371
838682
656178
622736
371697
577418
302398
600659
148161
640494
496501
173213
138957
470620
884748
023653
710311
508984
279927
544268
532779
743113
951435
741722
197597
993596
852522
857452
637962
896126
915723
579866
205734
083757
668738
842664
059909
935050
008133
754324
546359
675048
442352
848747
014435
454195
762584
735642
161981
340734
685411
176688
311865
448937
769795
665172
796623
267148
103386
439137
518659
467300
244345
005449
953997
423723
287124
948347
060440
634716
063258
306498
297955
101095
418362
350303
094530
973358
344628
394763
047756
450150
085075
789495
489313
939448
992161
255255
977014
368589
435858
775263
796255
970816
776438
001254
365023
714127
834679
261019
955852
247172
201777
237004
178084
194239
487254
068015
560359
983905
489857
235467
456423
905858
502167
190313
952629
445543
913166
313453
089390
620467
843877
850542
393905
247313
620129
476918
749751
910114
723152
893267
725339
181466
073000
890277
689631
148109
022097
245207
591672
970078
505807
171863
810549
679731
001678
708506
942070
922329
080703
832634
534520
380278
609905
569001
341371
823683
709919
495164
896007
550493
412678
764367
463849
020639
640197
666855
923356
546391
383631
857456
981471
962108
410809
618846
054560
390384
553437
291414
465134
749407
848844
237721
751543
342603
066988
317683
310011
331086
904219
390310
801437
843341
513709
243530
136776
310849
135161
564226
984750
743032
971674
696406
665315
270353
254671
126675
224605
511995
818319
637637
076179
919192
035795
820075
956053
023462
677579
439363
074630
569010
801149
427141
009391
369138
107258
137813
578940
055995
001835
425118
417213
605572
752210
352680
373572
652792
241737
360575
112788
721819
084490
061780
138897
107708
229310
027976
659358
387589
093956
881485
602632
243937
265624
727760
378908
144588
378550
197028
437793
624078
250527
048758
164703
245812
908783
952324
532378
960298
416692
254896
497156
069811
921865
849267
704039
564812
781021
799132
174163
058105
545988
013004
845629
976511
212415
363745
150056
350701
278159
267142
413421
033015
661653
560247
338078
430286
552572
227530
499988
370153
487930
080626
018096
238151
613669
033411
113865
385109
193673
938352
293458
883225
508870
645075
394739
520439
680790
670868
064450
969865
488016
828743
437861
264538
158342
807530
618454
859037
982179
945996
811544
197425
363443
996029
025100
158882
721647
450068
207041
937615
845471
231834
600726
293395
505482
395571
372568
402322
682130
124767
945226
448209
102356
477527
230820
810635
188991
526928
891084
555711
266039
650343
978962
782500
161101
532351
605196
559042
118449
499077
899920
073294
769058
685778
787209
829013
529566
139788
848605
097860
859570
177312
981553
149516
814671
769597
609942
100361
835591
387778
176984
587581
044662
839988
060061
622984
861693
533738
657877
359833
616133
841338
536842
119789
389001
852956
919678
045544
828584
837011
709672
125353
387586
215823
101331
038776
682721
157269
495181
795897
546939
926421
979155
233857
662316
762754
757035
469941
489290
413018
638611
943919
628388
705436
777432
242768
091323
654494
853667
680000
010652
624854
730558
615989
991401
707698
385483
188750
142938
908995
068545
307651
168033
373222
651756
622075
269517
914422
528081
651716
677667
279303
548515
420402
381746
089232
839170
327542
575086
765511
785939
500279
338959
205766
827896
776445
318404
041855
401043
513483
895312
013263
783692
835808
271937
831265
496174
599705
674507
183320
650345
566440
344904
536275
600112
501843
356073
612227
659492
783937
064784
264567
633881
880756
561216
896050
416113
903906
396016
202215
368494
109260
538768
871483
798955
999911
209916
464644
119185
682770
045742
434340
216722
764455
893301
277815
868695
250694
993646
101756
850601
671453
543158
148010
545886
056455
013320
375864
548584
032402
987170
934809
105562
116715
468484
778039
447569
798042
631809
917564
228098
739987
669732
376957
370158
080682
290459
921236
616890
259627
304306
793165
311494
017647
376938
735140
933618
332161
428021
497633
991898
354848
756252
987524
238730
775595
559554
651963
944018
218409
984124
898262
367377
146722
606163
364329
640633
572810
707887
581640
438148
501884
114318
859882
769449
011932
129682
715888
413386
943468
285900
666408
063140
777577
257056
307294
004929
403024
204984
165654
797367
054855
804458
657202
276378
404668
233798
528271
057843
197535
417950
113472
736257
740802
134768
260450
228515
797957
976474
670228
409995
616015
691089
038458
245026
792659
420555
039587
922981
852648
007068
376504
183656
209455
543461
351341
525700
659748
819163
413595
567196
496540
321872
716026
485930
490397
874895
890661
272507
948282
769389
535217
536218
507962
977851
461884
327192
232238
101587
444505
286652
380225
328438
913752
738458
923844
225354
726530
981715
784478
342158
223270
206902
872323
300538
621634
798850
946954
720047
952311
201504
329322
662827
276321
779088
400878
614802
214753
765781
058197
022263
097174
950721
272484
794781
695729
614236
585957
820908
307332
335603
484653
187302
930266
596450
137183
754288
975579
714499
246540
386817
992138
934692
447419
850973
346267
933210
726868
707680
626399
193619
650440
995421
676278
409146
698569
257150
743157
407938
053239
252394
775574
415918
458215
625181
921552
337096
074833
292349
210345
146264
374498
055961
033079
941453
477845
746999
921285
999993
996122
816152
193148
887693
880222
810830
019860
165494
165426
169685
867883
726095
877456
761825
072759
929508
931805
218729
246108
676399
589161
458550
583972
742098
090978
172932
393010
676638
682404
011130
402470
073508
578287
246271
349463
685318
154696
904669
686939
254725
194139
929146
524238
577625
500474
852954
768147
954670
070503
479995
888676
950161
249722
820403
039954
632788
306959
762493
615101
024365
553522
306906
129493
885990
157346
610237
122354
789112
925476
961760
050479
749280
607212
680392
269110
277722
610254
414922
157650
450812
067717
357120
271802
429681
062037
765788
371669
091094
180744
878140
490755
178203
856539
099104
775941
413215
432844
062503
018027
571696
508209
642734
841469
572639
788425
600845
312140
659358
090412
711359
200419
759851
362547
961606
322887
361813
673732
445060
792441
176399
759746
193835
845749
159880
976674
470930
065463
424234
606342
374746
660804
317012
600520
559284
936959
414340
814685
298150
539471
789004
518357
551541
252235
905906
872648
786357
525419
112888
773717
663748
602766
063496
035367
947026
923229
718683
277173
932361
920077
745221
262475
186983
349515
101986
426988
784717
193966
497690
708252
174233
656627
259284
406204
302141
137199
227852
699846
988477
023238
238400
556555
178890
876613
601304
770984
386116
870523
105531
491625
172837
327286
760072
481729
876375
698163
354150
746088
386636
406934
704372
066886
512756
882661
497307
886570
156850
169186
474885
416791
545965
072342
877306
998537
139043
002665
307839
877638
503238
182155
355973
235306
860430
106757
608389
086270
498418
885951
380910
304235
957824
951439
885901
131858
358406
674723
702971
497850
841458
530857
813391
562707
603563
907639
473114
554958
322669
457024
941398
316343
323789
759556
808568
362972
538679
132750
555425
244919
435891
284050
452269
538121
791319
145135
009938
463117
740179
715122
837854
601160
359554
028644
059024
964669
307077
690554
810288
502080
858008
781157
738171
917417
760173
307385
547580
060560
143377
432990
127286
772530
431825
197579
167929
699650
414607
066457
125888
346979
796429
316229
655201
687973
000356
463045
793088
403274
807718
115553
309098
870255
052076
804630
346086
581653
948769
519600
440848
206596
737947
316808
641564
565053
004988
161649
057883
115434
548505
266006
982309
315777
650037
807046
612647
060214
575057
932709
620478
256152
471459
189652
236083
966456
241051
955105
223572
397395
128818
164059
785914
279148
165426
328920
042816
091369
377737
222999
833270
820829
699557
377273
756676
155271
139225
880552
018988
762011
416800
546873
655806
334716
037342
917039
079863
965229
613128
017826
797172
898229
360702
880690
877686
605932
527463
784053
976918
480820
410219
447197
138692
560841
624511
239806
201131
845412
447820
501107
987607
171556
831540
788654
390412
108730
324020
106853
419472
304766
667217
498698
685470
767812
051247
367924
791931
508564
447753
798537
997322
344561
227858
432968
466475
133365
736923
872014
647236
794278
700425
032555
899268
843495
928761
240075
587569
464137
056251
400117
971331
662071
537154
360068
764773
186755
871487
839890
810742
953094
106059
694431
584775
397009
439883
949144
323536
685392
099468
796450
665339
857388
878661
476294
434140
104988
899316
005120
767810
358861
166020
296119
363968
213496
075011
164983
278563
531614
516845
769568
710900
299976
984126
326650
234771
672865
737857
908574
664607
722834
154031
144152
941880
478254
387617
707904
300015
669867
767957
609099
669360
755949
651527
363498
118964
130433
116627
747123
388174
060373
174397
054067
031096
767657
486953
587896
700319
258662
594105
105335
843846
560233
917967
492678
447637
084749
783336
555790
073841
914731
988627
135259
546251
816043
422537
299628
632674
968240
580602
964211
463864
368642
247248
872834
341704
415734
824818
333016
405669
596688
667695
634914
163284
264149
745333
499994
800026
699875
888159
350735
781519
588990
053951
208535
103572
613736
403436
753471
410483
601754
648830
040784
641674
521673
719048
310967
671134
434948
192626
811107
399482
506073
949507
350316
901973
185211
955263
563258
433909
982249
862406
703107
683184
466072
912487
475403
161796
994113
973877
658998
685541
703188
477886
759290
260700
432126
661791
922352
093822
787888
098863
359911
608192
353555
704646
349113
208591
897961
327913
197564
909760
001399
623444
553501
434642
686046
449586
247690
943470
482932
941404
111465
409239
883444
351591
332010
773944
111840
741076
849810
663472
410482
393582
740194
493566
516108
846312
567852
977697
346843
030614
624180
358529
331597
345830
384554
103370
109167
677637
427621
021370
135485
445092
630719
011473
184857
492331
816720
721372
793556
795284
439254
815609
137281
284063
330393
735624
200160
456645
574145
881660
521666
087387
480472
433912
129558
777639
069690
370788
285277
538940
524607
584962
315743
691711
317613
478388
271941
686066
257210
368513
215664
780014
767523
103935
786068
961112
599602
818393
095487
090590
738613
519145
918195
102973
278755
710497
290114
871718
971800
469616
977700
179139
196137
914171
627070
189584
692143
436967
629274
591099
400600
849835
684252
019155
937037
010110
497473
394938
778859
894174
330317
853487
076032
219829
705797
511914
405109
942358
830345
463534
923498
268836
240433
272674
155403
016195
056806
541809
394099
820206
099941
402168
909007
082133
072308
966211
977553
066591
881411
915778
362729
274615
618571
037217
247100
952142
369648
308641
025928
874579
993223
749551
912219
519034
244523
075351
338068
568073
544649
951272
031744
871954
039761
073080
602699
062580
760202
927314
552520
780799
141842
906388
443734
996814
582733
720726
639176
702011
830046
481900
024130
835088
465841
521489
912761
065137
415394
356572
113903
285749
187690
944137
020905
170314
877734
616528
798482
353382
972601
361109
845148
418238
081205
409961
252745
808810
994869
722161
285248
974255
555160
763716
750548
961730
168096
138038
119143
611439
921063
800508
321409
876045
993093
248510
251682
944672
606661
381517
457125
597549
535802
399831
469822
036133
808284
993567
055755
247129
027453
977621
404931
820146
580080
215665
360677
655087
838043
041343
105918
046068
008345
911366
408348
874080
057412
725867
047922
583191
274157
390809
143831
384564
241509
408491
339180
968402
511639
919368
532255
573389
669537
490266
209232
613188
558915
808324
555719
484538
756287
861288
590041
060060
737465
014026
278240
273469
625282
171749
415823
317492
396835
301361
786536
737606
421667
781377
399510
065895
288774
276626
368418
306801
908046
098498
094697
636673
356622
829151
323527
888061
577682
781595
886691
802389
403330
764419
124034
120223
163685
778603
572769
415417
788264
352381
319050
280870
185750
470463
129333
537572
853866
058889
045831
114507
739429
352019
943219
711716
422350
056440
429798
920815
943071
670198
574692
738486
538334
361457
946341
759225
738985
880016
980147
574205
429958
012429
581054
565108
310462
972829
375841
611625
325625
165724
980784
920998
979906
200359
365099
347215
829651
741357
984910
471116
607915
874369
865412
223483
418877
229294
463351
786538
567319
625598
520260
729476
740726
167671
455736
498121
056777
168934
849176
607717
052771
876011
999081
441130
586455
779105
256843
048114
402619
384023
224709
392498
029335
507318
458903
553971
330884
461741
079591
625117
148648
744686
112476
054286
734367
090466
784686
702740
918810
142497
111496
578177
242793
470702
166882
956108
777944
050484
375284
433751
088282
647719
785400
065097
040330
218625
561473
321177
711744
133502
816088
403517
814525
419643
203095
760186
946490
886815
452856
213469
883554
445602
495566
684366
029221
951248
309106
053772
019802
183101
032704
178386
654471
812603
971906
884623
708575
180800
353270
471856
594994
761242
481109
992886
791589
690495
639476
246084
240659
309486
215076
903149
870206
735338
483495
508363
660178
487710
608098
042692
471324
100094
640143
736032
656451
845667
924566
695510
015022
983307
984960
799498
824970
617236
744936
122622
296179
081431
141466
094123
415935
930958
540791
390872
083227
335495
720807
571651
718765
994498
569379
562387
555161
757543
809178
052802
946420
044721
539628
074636
021132
942559
160025
707356
281263
873310
600589
106524
570802
447493
754318
414940
148211
999627
645310
680066
311838
237616
396631
809314
446712
986155
275982
014514
102756
006892
975024
630401
735148
919457
636078
935285
550531
733141
645705
049964
438909
363084
387448
478396
168405
184527
328840
323452
024705
685164
657164
771393
237755
172947
951261
323982
296023
945485
797545
865174
587877
133181
387529
598094
121742
273003
522965
080891
777050
682592
488223
221549
380483
714547
816472
139768
209633
205083
056479
204820
859204
754998
573203
888763
916019
952409
189389
455767
687497
308569
559580
106595
265030
362661
597506
622250
840674
288982
659075
106375
635699
682115
109496
697445
805472
886936
310203
678232
501823
237084
597901
115484
720876
182124
778132
663304
120762
165873
129708
112307
581598
212486
398072
124078
688781
145016
558251
361789
030708
608701
989758
898074
566439
551574
153631
931919
810705
753366
337380
382721
527988
493503
974800
158905
194208
797113
080512
339332
219034
662499
171691
509485
414018
710603
546037
946433
790058
909577
211808
044657
439628
061867
178610
171567
409676
620802
957665
770512
912099
079443
046328
929473
061595
104309
022214
393718
495606
340561
893425
130572
682914
657832
933405
246350
289291
754708
725648
426003
496296
116541
382300
773133
272983
050016
025672
401418
515204
189070
115428
857992
081219
844931
569990
591820
118197
335001
261877
280368
124819
958770
702075
324063
612593
134385
955425
477819
611429
351635
612234
966615
226147
353996
740515
849986
035529
533292
457523
888101
362023
476246
690558
164389
678630
976273
655047
243486
430712
184943
734853
006063
876445
662721
866617
012381
277156
213797
461498
613287
441177
145524
447089
971445
228856
629424
402301
847912
054784
985745
216346
964489
738920
624019
435183
100882
834802
492490
854030
778638
751659
113028
739587
870981
007727
182718
745290
139728
366148
421428
717055
317965
430765
045343
246005
363614
726181
809699
769334
862640
774351
999286
863238
350887
566835
950972
655748
154319
401955
768504
372480
010204
137498
318722
596773
871549
583997
184449
072791
419658
459300
839426
370208
756353
982169
620553
248032
122674
989114
026785
285996
734052
420310
917978
999057
188219
493913
207534
317079
800237
365909
853755
202389
116434
671855
829068
537118
979526
262344
924833
924963
424497
146568
465912
489185
566295
893299
090352
392333
336474
352037
077010
108438
800329
075983
421701
855422
838616
172104
176030
116459
187805
393674
474720
599850
235828
918336
929223
373239
994804
371084
196594
731626
548257
480994
825099
918330
069765
693671
596893
644933
488647
442135
008407
006608
835972
350395
323401
795825
570360
169369
909886
711321
097988
970705
172807
558551
912699
306730
992507
040702
455685
077867
906947
661262
980822
516331
363995
211709
845280
926303
759224
267425
755998
928927
837047
444521
893632
034894
155210
445972
618838
003006
776179
313813
991620
580627
016510
244588
692476
492468
919246
121253
102757
313908
404700
071435
613623
169923
716948
481325
542009
145304
103713
545329
662063
921054
798243
921251
725401
323149
027405
858920
632175
894943
454890
684639
931375
709103
463327
141531
622328
055229
729795
380188
016285
907357
295541
627886
764982
741861
642187
898857
410716
490691
918511
628152
854867
941736
389066
538857
642291
583425
006736
124538
491606
741373
401735
727799
563410
433268
835695
078149
313780
073623
541800
706191
802673
285511
919426
760912
210359
874692
411728
374931
261633
950012
395992
405084
543756
985079
570462
226646
190001
035004
901830
341535
458428
337643
781119
885563
187777
925372
011667
185395
418359
844383
052037
628194
407615
941068
207169
703022
851522
505731
260930
468984
234331
527321
313612
165828
080752
126315
477306
044237
747535
059522
871744
026663
891488
171730
864361
113890
694202
790881
431194
487994
171540
421034
121908
470940
802540
239329
429454
938786
402305
129271
190975
135360
009219
711054
120966
831115
163287
054230
284700
731206
580326
264171
161659
576132
723515
666625
366727
189985
341998
952368
848309
993027
574199
164638
414270
779887
088742
292770
538912
271724
863220
288984
251252
872178
260305
009945
108247
835729
056919
885554
678860
794628
053712
270424
665431
921452
817607
414824
038278
358297
193010
178883
456741
678113
989547
504483
393146
896307
633966
572267
270433
932167
454218
245570
625247
972199
786685
427989
779923
395790
575818
906225
254735
822052
364248
507834
071101
449804
787266
919901
864388
229323
053823
185597
328697
809222
535295
910173
414073
348847
610055
640182
423921
926950
620831
838145
469839
236646
136398
910121
021770
959767
049083
050818
547041
946643
713122
996923
588953
849301
363565
761861
060622
287055
994233
716310
212784
574464
639897
381885
667462
608794
820186
474876
727272
220626
764653
380998
019668
836809
941590
757768
526398
651462
533363
124505
364026
105696
055131
838131
742611
844201
890888
531963
569869
627950
367384
243130
113317
533053
298020
166888
174813
429886
815855
778103
432317
530647
849832
106297
184251
843855
344276
201282
345707
169885
305183
261796
411785
796088
881503
296022
907056
144762
209150
947390
359466
469162
353968
092013
945781
758910
889319
921122
600739
281491
694816
152738
427362
642980
982340
632002
440244
958944
561291
670495
082358
124873
917996
486411
334803
247577
752197
089327
722623
494860
150466
526814
398770
516153
170266
969297
049283
162855
042128
981467
061953
319702
695072
143782
304768
752802
873541
261663
917082
459251
700107
141808
548006
369232
594620
190022
780874
098597
719218
051585
321473
926532
515590
354102
092846
659252
999143
537918
253145
452905
984158
176370
589279
069098
969111
643811
878094
353715
213322
614436
253144
901274
547726
957393
934815
469163
116249
288735
747188
240715
039950
094467
319543
161938
554852
076657
388251
396391
635767
231510
055560
372633
948672
082078
086537
349424
401157
996675
073607
111593
513319
591971
209489
647175
530245
313647
709420
946356
969822
266737
752099
451684
506436
238242
118535
348879
893956
731878
066061
078854
400055
082765
703055
874485
418057
788917
192078
814233
511386
629296
671796
434687
600770
479995
378833
878703
487180
218424
373421
122739
402557
176908
196030
920182
401884
270570
460926
225641
783752
652633
583242
406612
533115
294234
579655
695025
068100
183109
004112
453790
153329
661569
705223
792103
257069
370510
908307
894799
990049
993953
221536
227484
766036
136776
979785
673865
846709
366795
885837
887956
259464
648913
766521
995882
869338
018360
119323
685785
585581
955560
421562
508836
502033
220245
137621
582046
181067
051953
306530
606065
010548
871672
453779
428313
388716
313955
969058
320834
168984
760656
071183
471362
181232
462272
588419
902861
420872
849568
796393
254642
853430
753011
052857
138296
437099
903569
488852
851904
029560
473461
311382
638788
975517
885604
249987
483163
828040
468486
189381
895905
420398
898726
506976
202019
955484
126500
053944
282039
301274
816381
585303
964399
254702
016727
593285
743666
616441
109625
663373
054092
195196
751483
287348
089574
777752
783442
210910
731113
518280
460363
471981
856555
729571
447476
825528
578633
493428
584231
187494
400032
296906
977583
159038
580393
535213
588600
796003
420975
473922
967333
106493
956018
122378
128545
843176
055617
338611
267347
807458
506760
630482
294096
530411
183066
710818
930311
088717
281675
195796
753471
885372
293096
161432
040063
813224
658411
111577
583585
811350
185690
478153
689381
377184
728147
519983
505047
812977
185990
847076
219746
058874
232569
958288
925350
419379
582606
162118
423687
685114
183160
683158
679946
016520
577405
294230
536017
803133
572632
670547
903384
012573
059123
396018
801378
254219
270947
673371
919872
873852
480574
212489
211834
708766
296672
072723
256505
651293
331260
595057
777275
424712
416483
128329
820723
617505
746738
701282
095755
443059
683955
556868
611883
971355
220844
528526
400812
520276
655576
774959
696266
126045
652456
840861
392382
657685
833846
984997
787267
065551
918544
686984
694784
957346
226062
942196
245570
853712
727765
230989
554501
930377
321666
491825
781546
772920
052126
671434
632096
378918
523232
150189
761260
343736
840671
941930
377468
809992
968775
824410
478781
232662
531818
459604
538535
438391
144967
753128
642609
252115
376732
588667
226040
425234
910870
269580
996475
958057
946639
734190
640100
363619
040420
331135
793365
424263
035614
570090
112448
008900
208014
780566
037101
541223
288914
657223
931450
760716
706435
568274
377439
657890
679726
874384
730763
464516
775621
030986
040927
170909
512808
630902
973850
445271
828927
496892
121066
700816
485833
955377
359191
369501
531620
189088
874842
107987
068991
148046
692706
509407
620465
027725
286507
289053
285485
614331
608126
930056
937854
178610
969692
025388
650345
771831
766868
859236
814884
752764
984688
219497
397297
077371
871884
004143
231276
365048
145311
228509
900207
424092
558592
529261
030210
673681
543470
152523
487863
516439
762358
604191
941296
976904
052648
323470
099111
542426
012734
380220
893310
966863
678986
949779
940012
601642
276092
608234
930411
806438
291383
473546
797253
992623
387915
829984
864592
717340
592256
207491
053085
315371
829116
816372
193951
887009
577881
815868
504645
076993
439409
874335
144316
263303
172477
474868
979182
092394
808331
439708
406730
840795
893581
089665
647758
599055
637695
252326
536144
247802
308268
118310
377358
870892
406130
313364
773710
116282
146146
616794
040905
186152
603600
925219
472188
909181
073358
719641
421444
786548
995285
823439
470500
798303
885388
608310
357193
060027
711945
580219
119428
999227
223534
587075
662469
261776
631788
551443
502182
870266
856106
650035
310502
163182
060176
092179
846849
368631
612937
279518
730789
726373
537171
502563
787335
797718
081848
784588
665043
358243
770041
477104
149349
274384
575871
071597
315594
394264
125702
709651
251081
155482
479394
035976
811881
172824
721582
501094
960966
253933
953809
221955
919181
885526
780621
499231
727631
632183
398969
380756
168559
117529
984501
320671
293924
041445
938623
988093
812404
521914
848316
462101
473891
825101
090967
738690
664041
589736
104764
365000
680771
056567
184862
814963
711188
321924
456639
458144
914861
655004
956769
826903
089111
856879
869294
705135
248160
917432
430153
836847
072928
989828
460222
373014
526556
798986
277679
680914
697983
782687
643115
988321
090437
156112
997665
215396
354644
208691
975673
700057
387649
784376
862876
817924
974694
384274
652563
163230
055513
041742
273416
464551
278127
845777
724575
203865
437542
828256
714128
858345
444351
325620
544642
410110
379554
641905
811686
230596
447695
870540
721419
852121
067343
324107
567675
758184
569906
930460
475227
701670
056845
439692
340417
110898
889934
163505
851578
873534
308155
208117
720718
803791
040469
830695
786854
739376
564336
319797
868036
718730
796939
242363
214484
503547
763156
702553
900654
231179
201534
649779
290662
415083
288583
952905
426376
876689
688050
333172
278001
858850
697362
324038
947004
718976
193473
443084
374437
599250
341788
079722
358591
342458
131440
498477
017323
616947
197657
153531
977549
971627
856631
190469
126091
825912
498903
676541
769799
036237
552865
263757
337635
269693
443544
004730
671988
689019
681474
287677
908669
796885
225016
369498
567302
175231
325292
653758
964151
714795
595387
842784
998664
563028
788319
620998
304945
198743
963690
706827
626574
858104
391122
326187
940599
415540
632701
319898
957037
611053
236062
986748
037791
537675
115830
432084
987209
202809
297526
498125
691634
250005
229088
726469
252846
661046
653921
714820
801305
022980
526378
364269
597337
070539
227891
535105
688839
381132
497570
713310
295044
303467
159894
487868
471164
383280
506925
077662
745001
220035
262037
094660
234146
489983
902525
888301
486781
621967
751945
831677
187627
572005
054397
944124
599007
711520
515461
993050
983869
825428
464072
555409
274031
325716
326407
929341
833421
470904
125425
335232
480219
322770
753555
467958
716383
587501
815933
871742
360615
511710
131235
256334
858203
651461
418700
492057
043720
182617
331947
157008
675785
393360
786227
395581
857975
872587
441025
420771
054753
612940
474601
000940
954449
596628
814869
159038
990718
659805
636171
376922
272907
641977
551777
201042
764969
496110
562205
925024
202177
042696
221549
587264
539892
276976
603105
249808
557594
716310
758701
332088
614632
664125
911486
338812
202844
406941
694882
615295
776253
250198
703598
706743
804698
219420
563812
558334
364219
492322
759372
212890
564209
430823
525440
841108
645453
694049
692714
940033
197828
613181
861888
111184
082578
659287
574263
844500
599442
295685
864604
810330
153889
114994
869354
360302
218109
434667
640000
223625
505736
312946
262960
961987
605642
599639
461386
923308
371962
659547
392346
241345
977957
485246
478379
807956
931986
508159
776753
505539
189911
513352
522987
361127
791827
485420
086895
396583
594219
633315
028695
611920
122988
898870
060799
927954
111882
690230
789131
076036
176347
794894
320321
027733
594169
086500
719328
040171
638406
449878
717537
567811
853213
284082
165711
075495
282949
749362
146082
155832
056872
321855
740651
610962
748743
750980
922302
116099
826330
339154
694946
444910
045152
809250
897450
748967
603240
907689
836529
406579
201983
152654
106581
368237
919840
906457
124689
484702
093577
611931
399802
468134
052003
947819
498662
026240
089021
501661
638135
383815
150377
350229
660746
279529
103840
686855
690701
575166
241929
872444
827194
293310
048548
244545
807188
976330
032325
258215
812803
274679
620028
147624
318286
221710
543528
983482
082734
516801
861317
195933
247110
746622
285087
106661
177034
653528
395776
259977
446721
857158
161264
111432
717943
478859
908928
084866
949141
390977
167369
002777
585026
866465
405659
503948
678411
107901
161040
085727
445629
384254
941675
946054
871172
359464
291058
509099
502149
587931
121961
359083
158826
206823
321561
530868
337308
381732
793281
969838
750870
834838
804638
847844
188400
318471
269745
437093
732983
624028
751979
208023
218787
448828
728437
273780
178270
080587
824107
493575
148899
789117
397461
293203
510814
327032
514090
304874
622629
423443
275712
600866
425083
331876
886507
564292
716055
252895
449215
376517
514921
963671
810494
353178
583834
538652
556566
406572
513635
750643
532365
089367
904317
025978
781771
903148
679638
408288
102094
614900
797151
377170
990619
549696
400708
676671
023300
486726
314755
105372
317571
143223
174114
116806
228642
063889
062101
923552
235467
116621
374996
932693
217370
431059
872250
394565
749246
169782
609702
533594
750209
138366
737728
944386
964000
281103
440260
847128
990007
468077
648440
887113
413525
033678
773167
977093
727786
821661
178653
442317
322646
378476
978751
443320
953400
016506
921305
464768
909850
502030
150448
808342
618452
087305
309731
894929
164253
229336
124315
143065
782640
702838
984098
416029
503092
418971
209716
016492
656134
134334
222988
279099
217860
426798
124572
853458
013382
609958
771781
131021
673402
565627
440072
968340
661984
806766
158050
216918
337236
803990
279316
064204
368120
799003
162644
491461
902194
582296
909921
227885
539487
835383
056468
648816
555622
943156
731282
743908
264506
116289
428035
016613
366978
240517
701552
196265
227254
558507
386405
852998
303791
803504
328767
038092
521679
075712
040612
375963
276856
748450
791511
473134
400018
325703
449209
097124
358094
479004
624943
134550
289006
806487
042935
340374
360326
258205
357901
183956
490893
543451
013429
696175
452495
739606
214902
887289
327925
206965
353863
964432
253883
275224
996059
869747
598823
299162
635459
733244
451637
553343
774929
289905
811757
863555
556269
374269
109471
170021
654117
182197
505198
317871
371060
510637
955585
889055
688528
879890
847509
157646
390746
936198
815078
146852
621332
524738
376511
929901
561091
897779
220087
057933
964638
274906
806987
691681
974923
656242
260871
541761
004306
089043
779766
785196
618914
041449
252704
808819
714988
015420
577870
065215
940092
897776
013307
568479
669929
554336
561398
477380
603943
688958
876460
549838
714789
684828
053847
017308
711177
611596
635050
399793
438693
391197
898871
091565
417091
330826
076474
063057
114110
988393
880954
814378
284745
288383
680794
188843
426662
220704
387228
874139
478010
177213
922819
119923
654055
163958
934742
639538
248296
090369
002883
593277
458550
608013
179884
071624
465639
979482
757836
501955
142215
513392
819782
269842
786383
916797
150912
624105
487257
009240
700454
884856
929504
481107
380879
965474
815689
139353
809434
745569
721289
198271
770207
666136
024895
814681
191336
141212
587838
955773
571949
863172
108443
989014
239484
966592
517313
881716
026632
619310
653665
350414
730708
044149
391693
632623
737677
770958
503132
559900
957627
319573
086480
424677
012123
270205
337426
670531
424482
081681
303063
973787
366424
836725
398374
876909
806021
827857
862165
127385
635132
901489
035098
832706
172589
325753
639939
790557
291751
600976
154590
447716
922658
063151
110280
384360
173747
421524
760851
520990
161585
823125
715907
334217
365762
671423
904782
795872
815050
956330
928026
684589
376496
497702
329736
413190
609827
406335
310897
924642
421345
837409
011693
919642
504591
288134
034988
106354
008875
968200
544083
643865
166178
805576
089568
967275
315380
819420
773325
979172
784376
256611
843198
910250
074918
290864
751497
940031
607038
455494
653859
460274
524474
668123
146879
434416
109933
389089
926384
118474
252570
445725
174593
257389
895651
857165
759614
812660
203107
976282
541655
905060
424791
140169
579003
383565
748692
528007
430256
234194
982864
679144
763227
740055
294609
039401
775363
356554
719310
001754
300475
047191
448998
410400
158679
461792
416100
164547
165513
370740
739502
604427
695385
538343
975505
488710
997852
054011
751697
475813
449260
794336
895437
832211
724506
873442
319898
788441
285420
647428
097356
258070
669831
069799
352606
933921
356858
813912
148073
547284
632277
849080
870024
677763
036055
512323
866562
951788
537196
730346
347012
229395
816067
925091
532174
890308
408865
160611
190114
984434
123501
246469
280288
059961
342835
118847
154497
712784
733617
662850
621697
787177
438243
625657
117794
500644
777183
702219
991066
950216
567576
440449
979407
650379
999548
450027
106659
878136
038023
141268
369057
831904
607927
652972
776940
436130
230517
870805
465115
424693
952651
271010
529270
703066
730244
471259
739399
505146
284047
674313
637399
782591
845411
764133
279064
606365
841529
270190
302760
173394
748669
603486
949765
417524
293060
407270
050590
395031
485229
213925
755948
450788
679779
252539
317651
564161
971684
435243
697944
473559
642606
333910
551268
260615
957262
170366
985064
732812
667245
219890
605498
802807
828814
297963
366967
441248
059821
921463
395657
457221
022986
775997
467381
260693
670691
340815
594120
161159
601902
377535
255563
006062
479832
612498
812881
929373
434768
626892
192397
778339
107331
065882
568137
771723
283153
290825
250927
330478
507249
771394
483338
925520
811756
084529
665905
539409
655685
417060
011798
572938
139982
583192
936791
003918
440992
865756
059935
989100
029698
644609
747147
184701
015312
837626
311467
742091
455740
418159
088000
649432
378558
393085
308283
054760
767995
243573
916312
218860
575496
738322
431956
506554
608528
812019
023636
447127
037486
344217
272578
795034
284863
129449
163184
753475
314350
413920
961087
960577
309872
013524
840750
576371
992536
504709
085825
139368
634638
633680
428917
671076
021111
598288
755399
401200
760139
470336
617937
153963
061398
636554
922137
415979
051190
835882
900976
566473
007338
793146
789131
814651
093167
615758
213514
248604
422924
453041
131606
527009
743300
884990
346754
055186
406773
426035
834096
086055
337473
627609
356588
531097
609942
383473
822220
872924
644976
845605
795625
167655
740884
103217
313456
277358
560523
582363
895320
385340
248422
733716
391239
732159
954408
284216
666360
232965
456947
035771
848734
420342
277066
538373
875061
692127
680157
661810
954200
977083
636043
611105
924091
178895
403380
214265
239489
296864
398089
261146
354145
715351
943428
507213
534530
183158
756282
757338
982688
985235
577992
957276
452293
915674
775666
760510
878876
484534
936360
682780
505646
228135
988858
792599
409464
460417
052044
700463
151379
754317
371877
560398
159626
475014
109066
588661
621800
382669
899619
655805
872086
397211
769952
194667
898570
117983
324406
018115
756580
742841
829106
151939
176300
591943
144346
051540
477105
700543
390001
824531
177337
189558
576036
071828
605063
564799
790041
397618
089553
636696
031621
931132
502238
517916
720551
806592
635180
362512
145759
262383
693482
226658
955769
946604
919381
124866
090997
981285
718234
940066
155521
961122
072030
922776
462009
993152
442735
894887
105766
238946
938894
464950
939603
304543
408421
024624
010487
233287
500817
491798
755438
793873
814398
942380
117627
008371
960530
943839
400637
561164
585609
431295
175977
139353
960743
227924
892212
670458
081833
137641
658182
695621
058728
924477
400359
470092
686626
596514
220506
300785
920024
882918
608397
437323
538490
839643
261470
005324
235406
470420
894992
102504
047267
810590
836440
074663
800208
701266
642094
571817
029467
522785
400745
085523
777208
905816
839184
465928
294170
182882
330149
715542
352359
117748
186285
929676
050482
038643
431087
795628
929254
056389
466219
482687
110428
281638
939757
117577
869154
301650
586029
652174
595819
888786
804081
103284
327398
671986
213062
055598
552660
364050
462821
523061
545944
744899
088390
819997
387474
529698
107762
014871
340001
225355
222466
954093
152131
153379
157980
269795
557105
085074
738747
507580
687653
764457
825244
326380
461430
428892
359348
529610
582693
821034
980004
052484
070844
035611
678171
705128
133788
057056
434506
161193
304244
407982
603779
511985
486945
591520
519600
930412
710072
778493
015550
388953
603382
619293
437970
818743
209499
141595
933963
681106
275572
952780
042548
630600
545238
391510
689989
135788
200194
117865
356821
491185
282078
521301
255185
184937
115034
221595
422445
119002
073935
396274
002081
104655
302079
328672
547405
436527
175958
935007
163360
763216
147258
154076
420530
200453
401835
723382
926619
153083
540951
202263
291650
544261
236191
970516
138393
573266
937601
569144
299449
437448
568097
756963
031295
887191
611292
946818
849363
386473
927476
012269
641588
489009
657170
861605
981472
044674
286642
087653
347998
582220
906198
021732
116142
304194
777549
907387
385679
411898
246609
130916
917722
742072
333676
350326
783405
863019
301932
429963
972044
451792
881228
544782
119535
308989
101253
429755
247276
357302
262813
820918
074397
486714
535907
786335
301608
215599
113141
442050
914472
935350
222308
171936
635093
468658
586563
148555
758624
478186
201087
118897
606529
698992
693281
787055
764351
433820
601410
773292
610634
315253
371822
433852
635202
177354
407152
818981
376987
551575
745469
397271
504884
697936
195004
777209
705617
939138
289898
453274
262272
886471
088832
701737
232588
182446
584362
495805
925603
381052
156062
061557
132991
560848
920643
403033
952622
634514
542836
786982
880742
514225
674518
061841
495646
861116
354049
718976
821542
277224
794740
335715
274368
194098
920501
136534
001238
467142
965518
673441
537416
150425
632567
134302
476551
252192
180357
801692
403266
995417
460875
924092
070046
693403
965101
781348
578356
944407
604702
325407
555577
647284
507518
268904
182939
661133
101601
311190
773986
324627
782190
236506
603740
416067
249624
901374
332172
464540
974129
955705
291424
382080
760983
648234
659738
866913
499197
840131
080155
813439
791948
528304
367390
124820
824448
141280
954437
738983
200598
649091
595053
228579
145768
849625
786658
859991
798675
205545
580990
045564
611787
552493
701245
532171
701942
828846
174027
366499
784755
082942
280202
329012
216301
023097
721515
694464
279098
021908
266898
688342
630716
092079
140851
976952
355534
886577
434252
775311
972474
308730
436195
113961
190800
302558
783876
442060
850447
306312
992778
889427
291897
271698
905759
252446
796601
897074
829609
491906
487646
937027
507738
664323
919190
422542
902353
189233
772931
667360
869962
280325
571853
089192
844038
050710
300647
768478
632431
910002
239297
852553
723755
662136
447400
967605
394398
382357
646069
924652
600890
906241
059042
154539
279044
115295
803453
345002
562441
010063
595300
395988
644661
695956
263518
780606
885137
234627
079973
272331
346939
714562
855426
154676
506324
656766
202792
452085
813477
176085
216913
409465
203076
733918
411475
041401
689241
213198
268815
686645
614853
802875
393311
602322
925556
189410
429953
356400
957864
953409
351152
664540
244187
759493
169305
604486
864208
627572
011723
195264
050230
997745
676478
384889
734643
172159
806267
876718
380052
476968
840849
891850
861490
034324
034767
426862
459523
958903
585821
350064
509981
782446
360873
177543
788596
776729
195261
112138
591947
254514
003011
805034
378752
776644
027626
189410
175768
726804
281766
238606
804778
852428
874302
591452
470739
505465
251353
394595
987896
197789
110418
902929
438185
672050
709646
062635
417329
446495
766126
519534
